Matrix
10
334248 51488 5282 43298 8288 56242 58958 21702 56960 24073 592
36371 417437 30878 46810 52900 47138 46333 61677 53652 37066 14850
65234 54906 465062 46597 5280 46531 59726 12683 62910 54883 33317
50249 40389 26428 298776 30674 34574 8041 1219 38858 60191 52373
19367 3744 9287 22396 198370 21335 1378 39319 46161 31104 5455
434 7407 52801 43869 59800 270044 29877 9166 11961 5084 15786
25523 25320 31279 606 18358 10778 231717 571 18100 63318 22701
55883 60514 14596 17184 55696 982 7346 336135 57892 7645 32654
22010 48926 7727 24390 2031 36614 55496 42479 275442 12539 50743
14812 40301 39184 30081 41579 40787 57166 55040 3200 325133 27736
Epsilon
0.001
MaxIteration
5000
InitApproximation
0 0 0 0 0 0 0 0 0 0 
